2
3
2 4
3 5 185
4 6 185
5 7 184
6 8 184
7 9
8 10 189
9 11 189
10 12 180 195
11 13 180 195
12 14 180 193 195
13 15 177 193
14 16 177 197
15 17 176 177 197
16 18 176 197 202
17 19 202
18 20 202 175 201
19 21 175 201
20 22 40 45
21 23 175 159
22 24 175 159
23 25 175 162 169
24 26 175 169 162 176
25 27 205 176 169
26 28 166 205 176
27 29 205 166 170 204
28 30 204 170 205
29 31 170
30 33 32 34
31
31 170
31 35 204
34 36
35 37
36 38
37 39 182
38 182
21 41 159
40 42 159 155 161
41 43 161 155
42 44 161 152
43 152 158
21 46
45 47 201 155
46 48 153
47 49 153 203
48 50 144
49 51 144 143
50 52 60 62
51 53 143 141
52 54 143 141
53 55 147 140
54 56 147 146 140 126
55 57 146 126
56 58 146 148 126
57 59 148 149 124
149 58 124
51 61 141
60 75 141 142
51 63 74
62 64 74 203
63 65 200 105
64 66 200 105 107
65 67 196 107
66 68 194 196 107
67 69 191 194 103
68 70 191 192 102 103
69 71 190 192 101 102
70 72 190 101
73 71 100 101 190
72 100
63 62 75
74 76 61
75 77
76 106 108 78 142
77 79 108 109
78 93 80
79 94 81 112
80 112 82 83
81 83 84
82 81 113 112
82 85
84 86 89
85 87 89
86 88 89
87 89 90
85 86 87 88
88 93 94 109 111 91
90 92 111 96
91 95 111
90 94 79 109
90 93 80
92 96
95 97 111
96 98 99 104
97 99 100 101
97 98 102 104 101
72 73 101 98
100 99 70 71 72
99 103 69 70
102 104 107 67 68 69
103 110 107 111 97 99
64 65 106 107 110
105 108 110 107 77
65 66 67 103 104 110 105 106
106 110 109 77 78
108 110 111 90 93 78
103 104 109 108 106 107
90 91 96 104
80 81 83
83 135 114
113 135 132 115
114 132 116
115 131 117
116 131 118
131 117 119 128
118 128 120
119 128 121
120 122
121 129
0
59 58 129
129 126 127
56 57 140 125
125 130 128
127 119 120 118
124 122 125
127 140 139 128 131
130 116 117 118
114 115 133 135 136
132 137 134
142 137 133 136
136 132 114
135 134 132
61 138 133 142 134
141 137 139 61
141 140 130 138
54 126 130 139
61 52 53 139 138
77 61 137 134
50 144 147 52 53
49 153 156 145 147 143 50
144 157 150 146 147 143
145 157 150 148 57 56 55 147
143 144 145 146 55 54 53
150 149 58 57 146
148 59 58
157 151 148 146 145
158 150
42 43 44 158 154 155
46 155 156 144 48 47
155 152 158 157 156
41 42 152 154 156 153 46
155 154 144 153
154 150 146 145
44 151 152 154
160 161 41 40 22 23
162 163 164 161 159
160 53 52 51 159
163 164 160 24 25 169
168 165 164 169
165 160 162 163
173 164 163 168
170 171 167 27 28
171 174 168 169 166
174 173 165 163 169 167
166 167 168 163 162 25 26
171 166 28 29 30 33
172 174 167 166 170
173 174 171
172 165 168 174
172 173 168 167 171
25 24 23 22 20 19 18 176
204 205 26 175 17 16 177
178 204 205 176 14 15 16 180
179 204 177 180
182 178 183 181
178 177 11 12 13
182 179 183 184 185 6
39 38 179 181 185
181 179 184
185 181 183 7 6
182 181 184 6 5 4
187 188
186 188
186 187
8 9 10 195 192 190
189 192 70 71 72
192 195 193 194 68 69
189 195 191 69 70 190
12 13 14 197 198 194 191 195
195 193 198 196 67 68 191
10 11 12 193 194 191 192 189
198 199 200 66 67 194
15 16 202 199 200 198 193
193 197 199 200 196 194
197 202 201 203 200 196 198
196 197 198 199 203 63 64 65
19 20 45 46 47 203 199 202
18 19 201 199 197
199 201 47 48 49 62 63 200
34 30 29 205 176 177 178
204 27 28 176 177